612684058,11,4
74m6lmf,23,22
1001001011021100000000100110011,2,7
15cb01169,13,34
da9b2a9,18,21
i4x2li,36,26
333333113230323,4,11
l4e86j,35,7
5ca09093,16,9
11y4r6m,35,29
clm9q8,31,21
41260043450,7,13
142cc851b,13,29
13jl7f0e,21,7
49b6043c8,12,13
23qpeuu,31,34
489654b28,12,19
221000414013,5,25
2hl825d,22,35
550j7ek,27,2
2dcec5b8,16,27
2e61lm,33,19
4530410344,9,30
5354913,13,28
36f1d8b,23,36
12030311123211,5,36
1110001100100010101011110111010,2,24
210211102020000020,3,14
45324246041,7,32
31022131233022,4,25
9.ai05n,24,31
c8gsak,30,31
1a8b73280,13,28
1811955046,10,16
1111100011000010000001110000101,2,10
2icsrfq,29,31
1c3ct0b,31,17
44630341003,7,34
6135006474,8,10
4e349d69,16,32
1bf2ruw,34,14
udta934,30,13
1105cg8,24,30
1303003110112332,4,2
451064a46,12,-15
69d07bb7,15,31
1010100110101000111011010011000,2,11
41000330542,7,16
67b3ed34,16,29
1fi8g2f6,19,30
231122130332023,4,11
284430098,0,8
a592704,22,17
rj3j5i,30,24
377ode6,25,23
igi54h,21,19
3123310101204,5,24
353343211305,6,29
767523328,10,18
55024000310,7,15
17g563f,25,2
162947dc5,14,19
13041e1e,16,15
10ca2f48,17,13
59718e2,26,33
t05a78,33,16
11212010221222021210,3,4
1129876290,10,9
8nc6fh5,24,14
bb9dd7d1,15,3
12220100203223,4,11
151336797,14,34
151899a62,14,3
b2620543,12,10
2305jb1,29,6
938853467,10,23
489d2bk,21,16
xusvi2,36,31
ceajlhg,23,18
4a0jdpb,26,32
34432021445,6,16
7qwaqq,35,5
786b5ce,22,35
1p59d9i,26,7
3440001130140,5,21
540302411523,6,36
2n574lq,27,15
68b30f91,16,7
h7e884f,22,9
437bebda,17,36
pkl73u,33,16
3iao8i,25,2
50lc15g,24,15
8ge4f93,18,21
94bdg27,18,25
16iac24d,19,26
320301123300112,4,10
16i3bh6,31,2
3c56456c,0,33
p6ooma,35,31
120501443052,6,7
2jr4i4e,0,17
57b00142,13,29
qjhp9t,35,9
12mbb1s,35,16
9cbdbih,23,24
176p0l9,30,22
932eh70,20,30
441298ee,15,20
22749134b,13,30
2aailgf,25,9
rxmyxq,35,31
opd00c,36,16
j381c8a,20,24
28etpg4,31,21
1psnlhm,30,35
5j0c497,22,25
15ef0c2,23,26
12s9lrm,35,7
1ia6129,23,24
180620jb,20,15
1qk52pl,31,2
81eed873,15,35
1210002221111211111,3,37
4a848740,15,7
79e607bd,15,30
2giba86,23,21
11qiknm,30,9
3d6br9b,29,11
cdid1ad,20,27
10fgdfd5,17,10
1031223102332201,4,32
1110011111001110111010100100111,2,37
1141441343,9,7
dhbcg21,22,10
3b3a6030a,12,21
3a13d57d,14,10
38g54027,17,31
947ebjd,22,7
222021012221122011,3,6
92bj46e,22,14
5136564e,17,-28
b8cgk,24,35
1fd10df3,16,7
7353b246,16,26
1070503891,10,21
lwzq8t,36,23
1964617,15,-25
17204520102,8,34
47d3q7n,27,23
3o75529,25,29
301735693,10,8
4815a0713,11,-24
16041a098,0,30
241244415130,6,20
ldrfj2,36,19
1563482658,9,7
1113121212022320,4,35
2dm9r0g,28,-3
2111200200222022101,3,20
101011100100010010101111110,2,16
453410333235,6,14
ci5h9fd,19,7
65rp33,30,14
13ia8jb,35,29
5wqo65,35,14
2mkteee,30,3
624jdko,26,25
215effb9,18,34
16bb328cc,13,15
5g4g9mm,26,15
4bbmdmk,27,19
1a3145a93,13,30
1310524460,9,36
68558382a,0,3
65j8.eh,21,22
wi8uea,33,32
bfd6e2e,22,26
aj2789g,21,28
10981a994,12,6
u4g9l5,33,8
gca1967,19,31
17164173a,12,14
47454625236,7,30
11222002121102122102,3,29
8rl8s3,34,21
dd3j4e3,21,33
4ep9e9c,27,35
8imm2ec,25,24
3110213114121,5,3
8709a19d,13,9
pph39c,36,9
311123233021221,4,24
1545008756,10,25
49112b033,12,33
5614d6a,24,4
12002036632,7,5
26p7l20,29,2
1729mud,31,26
79305001a,11,30
d2kib48,22,12
1072777313,9,35
43o7iem,27,7
dpb3la,31,32
3136778067,9,5
19eh4591,20,23
3j6mer,33,11
204gq3o,29,31
gsfjhd,36,26
5247167352,8,20
14aehod,27,35
1408443184,10,20
13334013231140,5,13
368385497,10,2
8hjln2b,25,30
1311221202113313,4,31
31220h28,18,11
4t95z7,36,11
355513145531,6,14
366qp4m,27,35
59j11j6,23,32
448986554,11,19
12g4jdck,21,32
793038158,10,3
v460es,36,2
271784230,13,20
yqp79m,0,33
g5hb2fe,22,11
b0paw,33,12
d3bib15,20,22
135348370,10,22
1001101101011101011110101001001,2,16
11b021c68,12,23
144403201132,5,32
6141086b,15,18
3owm8g,35,23
c578a405,13,28
29005a27,17,16
1303310001123303,4,34
9x7luy,35,18
geed428,21,36
101360602423,7,32
185mp6l,29,3
24cb8d1,28,7
4akjf8i,25,24
b7cb44b2,0,30
lvrxt4,35,36
15a3d7b34,14,20
5lm4381,24,20
11hydw,36,9
dg49j3d,21,26
107enn8,28,7
3d730c79,15,21
5b47ca3,23,13
411846558,12,16
11221211021211110112,3,15
510666aa1,11,35
74jomjg,24,18
2oij0oc,29,6
4fh1ki,29,4
22g1kgl,29,9
471420aa1,12,28
i1k455f,21,36
36100503145,7,10
3bgnc06,29,4
vqmko6,34,32
26hqa41,30,21
80aa6943,11,24
15156562706,8,30
174ecec,28,3
30gh79a9,18,28
2110110000110111101,3,11
23i2dl1,31,5
23f33ls,30,8
14a047b67,14,29
423022520145,6,5
129gbfgd,21,28
6g3b119,22,23
76053770a,11,15
od3h00,27,16
lyygb7,35,28
1jdmll8,24,26
44510252.,7,27
5cjmpo,27,15
cdaj8f,32,12
263341240,11,9
145a823d,17,16
7770363325,8,34
21.2a40,29,15
4k9qihn,27,12
5pfkn4i,26,10
2453jc2,25,31
dd247if,21,15
27fh152g,18,36
3a6547471,11,23
g3.54dd,21,36
g37iegc,19,36
8333c2,22,24
e0h1777,20,-25
54524134063,7,23
3a6kge1,25,36
1ph3.qv,32,3
6fbfd3a,21,12
1eag9bc6,17,2
kkj47n,32,24
14m1h1s,34,24
8if25lf,0,36
1110010010011100010100000010110,2,34
26546e06,15,6
q31a6g,35,36
5d6609b4,15,18
22314c6a8,13,36
18qn809,30,28
1n26vgt,32,4
6b446f15,16,18
1073455736,10,15
3204231010320,5,7
22kj.sj,31,25
8f71.7d,21,7
1lkwnqn,33,16
cilui6,34,37
a0e8che,23,10
2ge8hf,34,9
559gk67,0,27
627c7gb,22,6
1bk1b7m,28,20
fn6m41,33,28
hgf31f5,22,30
hc213d9,18,14
53556036356,7,10
65gb22k,23,7
2877003875,9,10
32100121000220,4,22
4efcagfc,17,23
2b71bjf,30,16
247725a2b,12,6
2lba5h0,26,25
c0960310,13,8
2c09i9f,26,15
7a4d27dc,15,36
.ibol9q,31,4
s19rn3,31,15
.234gjl,28,19
4eocon6,27,31
134ghf0e,21,29
18g297ea,18,10
147.77884,14,16
3502725081,9,37
spfjcb,30,16
29400049a,11,15
724503001,11,9
400140050321,6,19
13a2115a9,12,36
253454223415,6,30
bc29fc,23,4
11ac2b20c,13,34
26557161a,12,19
7m930im,23,19
akfac4,24,20
hcjj92g,21,27
ab729d20,15,34
xtn1i0,34,8
msqrji,34,37
5359a5c8,15,14
3835748e,15,23
1e0g1hl,24,29
13iuif8,32,23
eaa0922,18,37
2656lk,35,36
121a55821,14,13
bpdcno,26,31
362883713,9,6
385a81056,12,14
262728638,0,27
110203013000033,4,22
fge7fa9,18,29
82c71419,14,17
279cacbi,19,2
1332021331112011,4,35
35g68248,18,24
18gfhdea,19,8
18gcb976,17,30
11200112012110002210,3,24
2iq78ca,29,30
16e97lc,22,25
1113300123202222,4,28
1cjeq09,28,6
4220413253,9,35
3330224400012,5,14
602272678,10,20
3033375655,9,19
4kieckh,27,22
1c0l0o6,27,32
2qooqeo,29,20
2101517443,9,20
36cab591,17,24
1sub695,32,-24
29v63cb,31,3
2109o06,29,34
9cfo1c,34,33
53n3g9b,23,32
13u85k,33,3
133b1q.,33,28
16ed9ih,34,29
11022012201212012120,3,13
1358802a8,13,36
6a83lfa,23,13
5f5e67d2,16,11
180748579,10,13
11110200021000101,3,30
697bbcg,16,26
74b445581,11,6
174dmjc,28,7
1230022230201331,4,17
6a5375a35,11,7
4d4079e3,16,30
11551244006,8,27
1122002220011120202,3,4
1121112220121200102,3,16
135393157,10,3
17224517301,8,13
1gqkjkk,28,-35
1dh3ec4,28,10
3d8hf61,19,9
utk2l7,34,19
31ls6f,36,27
8ckfi94,0,3
10111102211102001012,3,5
3528011014,9,19
14f99dg6,17,9
yqdv6x,35,11
1427604010,9,20
5f46a317,16,12
17li59t,32,9
1111111101101100000001101111011,2,8
1asrq03,31,26
2314310622,8,17
d5a1dib,22,16
2557e248,16,10
441870027,11,37
2d86r2b,30,9
e2d4c51,21,29
1a88e3g3,20,37
1001000100011111111101100101000,2,11
10421133310423,5,29
36106325431,7,2
1328580702,9,24
o8pg4i,27,34
28g7ep0,27,3
iae1i66,22,23
s1d171,29,3
8z6pr8,36,31
1h2vq1f,32,22
5764825a3,11,13
8vy8i9,35,13
ao9jij,31,28
39e30129,15,32
3ff8hds,29,22
