100
4
10 5 15 5
2
100 100
8
81 81 81 81 81 81 81 0
6
23 90 40 0 100 9
2
0 0
10
100 0 100 0 100 0 100 0 100 0
10
100 100 100 100 100 100 100 100 100 0
5
5 41 2 77 87
6
13 16 50 68 20 55
7
32 6 57 72 45 37 54
8
44 46 19 6 9 43 44 68
9
46 62 0 20 12 46 83 98 30
10
2 37 98 16 97 26 2 74 77 49
10
9 79 55 18 26 3 49 11 62 5
10
56 33 86 96 64 5 67 30 84 11
10
12 56 80 27 13 41 24 62 68 88
10
27 4 47 94 22 51 74 91 89 84
10
6 63 93 81 48 36 3 92 21 86
10
34 78 52 71 66 22 63 28 66 39
10
52 16 59 58 26 41 29 28 4 0
10
23 95 76 78 80 48 97 11 3 37
10
12 95 37 34 3 4 88 90 22 74
10
30 79 23 46 73 90 70 79 57 99
10
24 67 63 98 36 56 82 17 10 16
10
12 20 85 62 80 5 89 81 64 40
10
77 75 42 58 81 21 57 66 59 0
10
1 3 13 60 71 87 95 6 41 93
10
56 48 4 16 15 25 15 91 40 11
10
78 94 46 20 53 90 92 8 78 77
10
50 24 39 52 57 96 21 73 85 70
10
98 61 96 53 47 12 67 89 86 79
10
30 53 16 37 25 89 36 52 54 65
10
60 59 9 41 9 42 12 52 93 59
10
69 76 3 50 40 89 35 88 43 63
10
11 68 97 40 67 79 72 52 90 86
10
55 17 91 63 7 76 95 25 38 16
10
36 68 66 10 30 11 34 46 52 88
10
5 50 58 47 69 27 21 64 12 12
10
49 87 95 41 41 19 26 46 79 69
10
84 49 59 46 44 38 6 27 91 6
10
2 9 31 91 66 79 23 65 3 51
10
38 53 75 82 73 15 42 33 82 97
10
70 1 3 94 59 1 79 83 8 30
10
31 91 32 7 43 29 88 7 20 49
10
94 1 40 62 14 6 69 31 82 59
10
89 45 10 50 40 66 73 85 92 41
10
86 40 48 38 74 66 83 62 44 7
10
97 19 64 75 9 41 70 38 26 36
10
62 99 63 79 20 69 32 41 90 84
10
44 2 42 71 63 10 16 7 82 92
10
40 77 17 35 16 27 95 70 98 24
10
42 65 36 56 64 79 9 44 64 75
10
40 74 90 27 19 2 58 32 84 67
10
5 61 80 36 18 1 99 77 60 43
10
30 31 19 43 92 8 88 64 41 94
10
80 2 69 99 71 51 60 39 53 99
10
99 70 40 99 32 96 90 26 22 45
10
37 35 24 91 81 12 17 10 8 59
10
51 59 28 30 24 10 62 83 38 61
10
69 84 59 29 25 61 53 65 60 59
10
63 4 61 71 74 85 17 25 22 96
10
86 19 60 86 22 43 35 91 16 61
10
54 82 43 77 37 46 25 96 65 52
10
94 42 83 70 50 81 51 10 52 63
10
87 34 94 10 40 19 88 61 80 11
10
11 10 76 83 29 61 96 82 36 9
10
59 80 47 63 24 83 3 32 33 8
10
12 96 25 90 95 90 11 60 50 31
10
40 41 82 30 98 65 37 21 73 39
10
24 56 55 11 3 81 81 73 17 29
10
4 29 38 15 98 89 80 40 19 94
10
52 18 20 1 62 84 58 34 4 32
10
31 3 72 88 28 9 80 94 3 71
10
54 41 68 88 67 78 39 84 98 91
10
33 23 10 47 83 79 32 66 75 57
10
87 90 41 30 82 48 42 85 77 13
10
21 56 77 68 16 11 60 42 14 64
10
54 4 44 66 21 7 72 74 91 40
10
51 46 60 46 58 57 43 50 58 13
10
16 82 50 55 3 9 66 71 70 70
10
90 10 8 35 90 84 89 93 97 75
10
7 41 91 80 95 74 80 4 56 25
10
99 97 99 20 92 92 73 54 31 35
10
38 79 90 22 50 98 99 8 64 5
10
24 11 2 20 52 87 60 94 84 54
10
73 89 17 40 40 93 70 54 37 56
10
41 19 35 78 51 70 82 79 17 66
10
26 83 46 11 63 2 17 83 85 74
10
42 89 74 2 10 52 49 52 37 33
10
63 22 52 46 43 22 7 87 22 16
10
49 74 0 15 68 20 92 1 42 48
10
16 99 27 7 76 32 41 71 73 56
10
50 5 1 48 62 30 49 90 72 5
10
76 46 4 24 84 92 23 46 60 58
10
83 26 49 47 85 20 5 7 58 61
10
1 69 11 64 45 72 69 5 34 28
10
37 32 68 71 33 93 80 92 1 0
10
35 99 41 91 76 43 56 55 39 90
10
88 88 74 26 83 85 65 64 71 54
10
28 46 4 10 49 52 58 13 58 92
