100
2 4
10 5
3 12
7 7 7
3 12
4 2 1
5 1000000000
25 25 25 25 25
2 2
1 1
5 5
1 1 1 1 1
5 448257424
1 2 3 4 5
5 915742169
18 7 21 11 25
5 863720666
15 15 15 15 15
5 762058625
16 16 16 16 16
5 151422986
20 20 20 20 20
5 58832676
25 25 25 25 25
5 485751043
14 14 14 14 14
5 749946368
2 2 2 2 2
5 346747177
23 23 23 23 23
5 494820870
16 16 16 16 16
5 335734292
18 18 18 18 18
5 238326868
19 19 19 19 19
5 505630840
25 25 25 25 25
5 702717722
25 25 25 25 25
5 13885020
25 25 25 25 25
5 781978841
19 19 19 19 19
5 88535616
18 18 18 18 18
5 93405371
13 13 13 13 13
5 128882940
4 4 4 4 4
5 120674383
16 16 16 16 16
5 691748724
11 11 11 11 11
5 999402160
2 2 2 2 2
5 957636774
21 21 21 21 21
5 709893216
16 16 16 16 16
5 72036805
24 24 24 24 24
5 67424187
7 7 7 7 7
5 417718898
1 1 1 1 1
5 68697805
1 2 3 4 5
5 7803349
1 2 3 4 5
5 924494820
1 2 3 4 5
5 493577006
1 2 3 4 5
5 51729235
1 2 3 4 5
5 109166190
1 2 3 4 5
5 554712734
1 2 3 4 5
5 752176949
1 2 3 4 5
5 452008902
1 2 3 4 5
5 378346482
1 2 3 4 5
5 819035238
1 2 3 4 5
5 112189391
1 2 3 4 5
5 21747871
1 2 3 4 5
5 86257936
1 2 3 4 5
5 270500362
1 2 3 4 5
5 209133467
1 2 3 4 5
5 55871789
1 2 3 4 5
5 67542439
1 2 3 4 5
5 531818436
1 2 3 4 5
5 657948491
1 2 3 4 5
5 769263236
1 2 3 4 5
5 729278302
1 2 3 4 5
5 851540932
1 2 3 4 5
5 443958168
1 2 3 4 5
5 577614007
1 2 3 4 5
5 955654121
1 2 16 2 19
5 595661772
9 4 7 23 20
5 765712306
22 3 14 25 25
5 384668845
8 8 23 14 16
5 627540165
6 8 24 11 5
5 40540622
19 23 16 7 16
5 465618401
13 20 22 21 15
5 594630838
12 13 18 15 2
5 680791879
8 15 25 7 21
5 525012430
6 14 19 20 9
5 784105152
12 24 7 19 12
5 804204935
19 19 4 23 13
5 986227515
21 16 20 20 20
5 202565809
20 17 11 2 16
5 334138547
15 8 19 12 19
5 310024086
17 1 22 15 21
5 43920653
5 13 3 13 11
5 216893331
1 17 12 17 12
5 677861167
25 9 3 18 4
5 722809345
25 16 1 3 5
5 922946089
1 17 21 11 16
5 357921089
11 19 1 16 6
5 249424810
11 20 25 18 25
5 152878140
24 21 19 1 7
5 820311378
24 3 15 2 3
5 476447472
25 20 25 8 10
5 148468841
5 24 14 3 17
5 947851789
18 17 13 15 15
5 596358526
7 9 19 1 15
5 631608448
6 12 1 7 1
5 915460566
9 5 24 19 5
5 670771872
6 11 13 8 23
5 400282589
4 17 15 22 7
5 928741839
19 17 9 14 19
5 901970802
10 21 8 16 19
5 369827385
3 16 6 16 10
5 636032
14 7 14 17 15
5 821602756
2 16 1 18 5
5 554082822
24 5 6 16 5
5 745447000
6 19 23 16 18
5 907162729
10 15 2 15 1
5 24074115
17 3 2 5 18
