100
2 4
10 5
3 12
7 7 7
3 12
4 2 1
5 1000000000
25 25 25 25 25
2 2
1 1
5 5
1 1 1 1 1
5 448257424
1 2 3 4 5
5 915742169
18 7 21 11 25
5 237340690
25 25 25 25 25
5 453210541
17 17 17 17 17
5 636470798
3 3 3 3 3
5 701698047
4 4 4 4 4
5 335701545
2 2 2 2 2
5 487642691
20 20 20 20 20
5 376710617
23 23 23 23 23
5 375637416
3 3 3 3 3
5 823881264
23 23 23 23 23
5 852734126
12 12 12 12 12
5 858825893
23 23 23 23 23
5 677669618
14 14 14 14 14
5 369352748
16 16 16 16 16
5 472947730
6 6 6 6 6
5 66752035
7 7 7 7 7
5 29644539
8 8 8 8 8
5 561127565
21 21 21 21 21
5 353347054
1 1 1 1 1
5 299924630
1 1 1 1 1
5 417760558
11 11 11 11 11
5 828004490
25 25 25 25 25
5 730807188
19 19 19 19 19
5 243753809
22 22 22 22 22
5 582517959
6 6 6 6 6
5 101174316
11 11 11 11 11
5 771766715
1 2 3 4 5
5 165016786
1 2 3 4 5
5 716649410
1 2 3 4 5
5 364249602
1 2 3 4 5
5 719692401
1 2 3 4 5
5 645876178
1 2 3 4 5
5 362121881
1 2 3 4 5
5 497012400
1 2 3 4 5
5 248584406
1 2 3 4 5
5 705604578
1 2 3 4 5
5 486394027
1 2 3 4 5
5 922996839
1 2 3 4 5
5 652862066
1 2 3 4 5
5 169078087
1 2 3 4 5
5 961120364
1 2 3 4 5
5 182472492
1 2 3 4 5
5 695483744
1 2 3 4 5
5 412009395
1 2 3 4 5
5 352048804
1 2 3 4 5
5 320469262
1 2 3 4 5
5 194721850
1 2 3 4 5
5 888795998
1 2 3 4 5
5 628471340
1 2 3 4 5
5 582223620
1 2 3 4 5
5 53111818
1 2 3 4 5
5 809124567
22 6 18 18 17
5 685161454
15 2 7 25 17
5 326701230
20 5 7 19 14
5 457520620
6 3 13 1 23
5 715180259
25 8 12 24 9
5 128163098
15 20 1 1 10
5 183855869
1 10 6 11 16
5 303048266
24 16 16 24 11
5 646775704
21 2 5 16 17
5 533360548
2 15 16 16 21
5 216439849
7 13 4 16 19
5 512662959
2 2 2 21 23
5 722682549
5 23 24 8 23
5 949203340
15 3 21 25 17
5 91036147
18 17 23 12 5
5 937898110
18 13 23 19 6
5 20841297
20 15 25 23 10
5 914311407
8 19 16 6 20
5 316797759
25 1 12 21 20
5 523862000
14 3 11 3 6
5 308211901
17 9 4 3 7
5 875466669
3 11 11 8 17
5 310885824
6 18 22 18 6
5 882399915
8 23 22 17 9
5 419916288
2 8 20 19 22
5 540507493
17 2 4 9 7
5 279655469
16 21 1 15 5
5 572955875
25 8 19 10 7
5 882011728
6 9 24 5 10
5 265120448
6 13 18 8 7
5 531656982
3 23 13 3 5
5 568185718
7 6 13 17 15
5 400316003
4 9 16 17 7
5 462058707
4 6 10 20 21
5 320076197
12 1 24 9 23
5 892317047
6 8 25 12 7
5 582005530
7 10 19 19 10
5 350537640
2 2 12 1 6
5 830696935
12 1 6 1 5
5 134248796
1 10 3 13 3
5 468216876
5 8 3 22 17
5 727753999
7 4 22 7 6
