100
2 4
10 5
3 12
7 7 7
3 12
4 2 1
5 1000000000
25 25 25 25 25
2 2
1 1
5 5
1 1 1 1 1
5 448257424
1 2 3 4 5
5 915742169
18 7 21 11 25
5 26979722
20 20 20 20 20
5 941221747
16 16 16 16 16
5 168519365
16 16 16 16 16
5 485479404
4 4 4 4 4
5 67316556
4 4 4 4 4
5 923885197
18 18 18 18 18
5 653471127
3 3 3 3 3
5 625827760
16 16 16 16 16
5 584366332
6 6 6 6 6
5 948691542
16 16 16 16 16
5 920150215
7 7 7 7 7
5 445908455
1 1 1 1 1
5 213768563
5 5 5 5 5
5 968750477
9 9 9 9 9
5 444683519
18 18 18 18 18
5 976757907
20 20 20 20 20
5 298529068
23 23 23 23 23
5 240965117
1 1 1 1 1
5 735665778
17 17 17 17 17
5 829858416
25 25 25 25 25
5 544145978
10 10 10 10 10
5 486964722
1 1 1 1 1
5 112212222
10 10 10 10 10
5 965469560
9 9 9 9 9
5 134298312
18 18 18 18 18
5 634470086
1 2 3 4 5
5 556373713
1 2 3 4 5
5 433171776
1 2 3 4 5
5 938981098
1 2 3 4 5
5 197549996
1 2 3 4 5
5 506235176
1 2 3 4 5
5 267079088
1 2 3 4 5
5 850966677
1 2 3 4 5
5 600457281
1 2 3 4 5
5 402781770
1 2 3 4 5
5 300819640
1 2 3 4 5
5 582799150
1 2 3 4 5
5 635078348
1 2 3 4 5
5 308844778
1 2 3 4 5
5 468720463
1 2 3 4 5
5 677343941
1 2 3 4 5
5 30027206
1 2 3 4 5
5 364287104
1 2 3 4 5
5 795895736
1 2 3 4 5
5 329499122
1 2 3 4 5
5 819822098
1 2 3 4 5
5 898132290
1 2 3 4 5
5 288148202
1 2 3 4 5
5 464982665
1 2 3 4 5
5 485192447
1 2 3 4 5
5 253563156
24 9 10 7 25
5 737981502
1 21 21 23 9
5 242459418
10 23 19 11 7
5 917346867
22 20 2 22 1
5 804890453
7 25 4 15 15
5 63091761
19 24 1 17 11
5 267272769
3 6 10 17 20
5 413241523
15 18 25 11 23
5 890040663
4 6 5 4 11
5 687930848
4 4 7 23 25
5 473861760
19 3 17 7 20
5 27858366
24 1 18 20 11
5 70050779
5 25 1 20 16
5 281062554
19 25 10 17 25
5 998657116
3 5 1 16 19
5 559610409
13 3 22 5 9
5 921055859
4 22 9 15 22
5 658834665
5 13 18 6 22
5 417429938
13 25 21 3 22
5 611202911
4 4 19 25 18
5 825241876
7 17 24 7 11
5 720165093
24 22 22 17 1
5 942031591
13 19 11 22 11
5 915882104
9 2 21 4 7
5 347801595
19 10 16 5 7
5 158104144
4 3 14 9 11
5 468582797
17 12 22 21 11
5 558381621
16 18 2 24 1
5 520864820
8 3 13 17 24
5 628456425
25 16 11 20 19
5 275002854
6 3 21 12 11
5 791795192
17 4 13 22 11
5 887316225
17 16 7 15 13
5 157410698
2 4 1 13 6
5 923101938
1 2 20 21 6
5 901733362
6 22 4 9 5
5 304772415
14 5 24 13 16
5 91626042
6 15 17 14 16
5 514030316
25 19 22 7 3
5 930474448
23 5 16 15 18
5 771737214
23 4 12 25 20
5 715477659
16 9 21 20 3
