100
1 12
3 6061
4 11111
6 0122011
6 0000001
6 3000001
4 00001
6 4000601
0 1
5 100022
6 1809002
6 8000301
6 3003001
1 01
5 111121
6 5000041
6 2020301
6 2000101
6 0220011
6 5600691
2 901
4 60001
6 0500008
6 1208081
6 4862287
6 5361308
6 0380001
6 0000001
6 9999999
6 4000401
6 0002901
2 078
6 0000001
6 0004001
5 000831
6 0008001
6 4322433
6 2583901
6 4009005
6 7200001
2 001
6 0608301
1 47
6 4019152
6 0000601
6 7010001
5 101012
0 1
6 8010201
6 0000001
3 0001
6 0010001
4 40353
6 4010901
6 1111111
4 10717
1 01
5 110011
3 2021
5 210202
1 11
1 01
4 16763
6 0000001
6 2101809
6 2112111
3 1221
6 4872321
6 0000001
3 2014
6 0000201
6 0005001
1 09
6 0300081
0 1
2 708
6 0600901
5 808001
3 1012
6 0000001
6 1303611
6 1745687
5 000001
6 1220121
6 1200211
6 0050001
0 1
3 9309
1 17
2 121
1 09
6 0000001
0 1
2 122
6 2210021
1 99
2 001
6 1112121
6 1997021
6 1202202
