100
1
19
23
11011
11100
200
12000
101001
99001
999900
21
16384
102
20
765432
1110
9999
100001
32
1000000
111
100
999990
524288
12001
999899
10110
29
10000
999000
1101
91
1999
11110
10010
7777
999999
30
1099
900000
899999
77
900
10111
199
999001
2000
10
12
2100
4096
10011
100000
101
1100
11101
10001
999991
456789
1111
99
10100
2201
901
11010
99000
998999
22
2101
999901
1000
2200
345678
90
901234
999998
2048
990000
11000
999
989999
900001
201
9
11111
110
1001
990001
10999
2001
11001
999989
2002
109876
101000
11
19
10101
1998
31
