100
4 4 8
3 5 7
5 3 13
4 3 0
3 3 5
15 1 1
2 7 10
2 4 7
4 3 2
4 2 2
5 3 8
1 16 0
1 3 0
1 16 7
3 2 0
6 1 1
3 5 10
3 5 14
16 1 8
5 3 14
5 2 8
15 1 8
1 15 15
6 2 12
15 1 6
15 1 15
1 16 8
5 3 11
3 5 4
16 1 16
5 3 1
1 1 1
7 2 13
4 4 1
4 3 8
3 5 6
3 5 12
4 4 11
16 1 9
1 16 16
3 5 3
2 7 7
4 3 12
3 5 13
2 2 2
5 3 7
2 2 4
7 2 5
1 16 1
5 3 10
3 5 15
1 16 9
5 3 15
5 3 12
5 2 9
4 4 16
8 1 7
1 1 0
3 5 0
3 5 5
5 3 0
3 5 8
5 3 2
3 3 9
1 15 1
2 4 1
4 4 7
16 1 0
1 15 6
1 15 0
15 1 0
2 2 0
3 5 9
4 3 10
5 3 9
15 1 7
4 3 11
2 8 1
1 15 7
3 3 7
3 5 2
5 3 4
8 2 14
5 3 3
8 2 9
5 3 6
5 3 5
4 4 9
16 1 7
5 2 7
3 4 12
9 1 6
8 2 2
3 5 1
16 1 1
1 9 6
2 4 3
3 5 11
4 4 0
1 15 8
