100
2 3 2
1 1 1
2 1 1
2 1 2
3 2 3
4 2 1
29 12 3
10 5 1
23 2 8
1 9 1
53 1 53
28 6 20
29 1 29
100 1 100
75 7 16
36 8 9
5 7 1
3 1 2
12 4 5
83 8 69
80 8 9
13 14 1
3 37 1
3 2 1
100 9 11
1 2 1
29 12 2
56 1 22
2 4 1
3 3 1
29 1 28
75 3 74
4 3 1
91 4 42
4 9 4
24 2 8
100 4 24
3 1 3
97 8 90
83 6 8
2 2 1
56 1 56
2 3 1
1 55 1
33 11 25
100 1 1
53 10 5
71 8 10
51 7 20
3 2 2
1 100 1
100 2 49
12 1 11
2 40 2
88 1 27
4 18 3
100 4 25
4 29 1
4 3 2
4 1 3
27 8 4
53 1 52
39 8 39
1 4 1
10 5 2
14 7 1
1 96 1
80 8 10
100 2 50
14 12 6
53 10 6
4 1 4
44 6 28
1 21 1
3 4 1
100 3 34
31 1 6
43 8 9
84 9 5
47 10 6
100 1 99
4 1 1
100 3 33
39 4 37
96 3 66
33 2 7
1 3 1
10 18 1
1 46 1
4 4 1
57 4 17
4 2 2
21 4 11
17 11 13
94 2 25
14 7 2
97 8 96
2 59 1
62 4 29
100 9 12
