100
2 3 2
1 1 1
2 1 2
3 2 3
7 20 7
7 1 7
93 9 93
26 11 26
48 5 48
80 8 80
1 2 1
71 1 71
3 13 3
72 8 72
2 19 2
92 4 92
91 3 91
3 1 3
80 4 80
1 68 1
1 20 1
71 2 71
2 59 2
30 10 30
1 21 1
60 2 60
13 16 13
23 11 23
100 2 100
4 1 4
12 10 12
64 8 64
1 3 1
94 4 94
10 18 10
8 14 8
1 47 1
1 45 1
51 4 51
10 5 10
100 3 100
100 9 100
51 10 51
2 2 2
1 100 1
74 3 74
4 2 4
62 1 62
66 6 66
47 10 47
4 4 4
54 7 54
1 8 1
4 3 4
93 2 93
49 1 49
24 13 24
7 18 7
31 3 31
98 9 98
73 1 73
23 8 23
73 2 73
57 5 57
24 3 24
42 2 42
16 5 16
1 60 1
3 4 3
4 29 4
19 7 19
22 1 22
100 1 100
95 4 95
64 9 64
2 43 2
24 6 24
22 3 22
1 4 1
3 3 3
100 4 100
63 5 63
14 7 14
51 1 51
69 9 69
47 2 47
54 8 54
41 8 41
44 1 44
1 62 1
19 1 19
44 9 44
3 37 3
27 10 27
41 7 41
24 1 24
2 4 2
1 10 1
98 4 98
37 10 37
