100
1 4 2
1 7 7
2 5 1
3 12 12
9 18 4
12 20 1
7 3 1
13 2 1
12 12 1
1 6 2
2 10 6
20 20 20
2 8 5
20 1 1
10 20 6
9 13 9
1 20 1
1 20 10
1 6 6
15 4 4
19 14 3
20 10 10
1 11 9
10 20 10
10 20 20
14 12 7
20 20 10
20 14 4
8 8 3
19 17 16
10 1 1
1 6 5
15 9 5
2 5 3
9 9 5
3 12 11
14 4 3
20 20 1
8 16 7
13 15 14
13 15 6
1 7 3
8 6 1
19 16 7
9 18 6
1 6 4
5 1 1
11 5 5
13 13 12
12 6 5
2 17 5
15 3 2
16 6 6
10 20 1
6 17 1
9 16 4
1 11 4
1 17 9
20 10 1
1 6 3
16 5 1
20 11 11
8 9 7
7 16 2
1 7 1
1 7 6
9 7 4
9 17 11
1 7 2
7 17 2
12 11 10
14 12 12
8 10 8
12 6 1
8 2 2
6 6 2
13 19 11
7 12 6
18 16 6
15 14 2
10 9 1
11 13 13
6 2 2
11 6 5
5 13 4
17 15 7
1 6 1
13 5 3
16 12 5
12 7 3
1 7 7
18 5 1
8 16 5
17 3 2
17 10 9
1 7 4
1 20 20
8 1 1
10 6 2
1 7 5
