50
3
1 2 3
2 3 5
3 5 6
2 3 4
1 2 3
10
1 2 3 4 5 6 7 8 9 10
3 13 23 33 43 53 63 73 83 93
31 32 33 34 35 36 37 38 39 40
71 72 73 74 75 76 77 78 79 80
9 19 29 39 49 59 69 79 89 99
1 11 21 31 41 51 61 71 81 91
7 17 27 37 47 57 67 77 87 97
11 12 13 14 15 16 17 18 19 20
61 62 63 64 65 66 67 68 69 70
91 92 93 94 95 96 97 98 99 100
81 82 83 84 85 86 87 88 89 90
5 15 25 35 45 55 65 75 85 95
6 16 26 36 46 56 66 76 86 96
8 18 28 38 48 58 68 78 88 98
51 52 53 54 55 56 57 58 59 60
21 22 23 24 25 26 27 28 29 30
2 12 22 32 42 52 62 72 82 92
41 42 43 44 45 46 47 48 49 50
4 14 24 34 44 54 64 74 84 94
10
15 17 19 22 23 25 27 28 30 32
4 6 8 9 11 12 14 15 17 20
9 10 12 14 17 19 20 23 25 27
5 6 9 11 13 16 17 20 22 24
15 16 17 20 22 23 25 28 30 31
10 12 14 16 17 19 20 22 23 26
11 12 14 16 18 20 21 25 27 29
7 8 11 12 15 17 19 22 23 25
13 14 15 18 19 22 23 27 28 30
2 4 5 6 8 10 12 14 16 19
2 4 6 7 10 12 13 16 17 18
1 2 4 6 8 10 12 14 15 17
1 2 3 5 7 9 11 13 15 17
6 7 9 11 12 14 16 18 20 21
12 13 16 17 19 20 21 23 25 28
17 18 20 24 25 27 29 30 31 34
8 10 12 13 15 17 18 19 22 24
3 5 8 9 12 14 16 18 19 20
14 16 18 20 22 23 25 27 28 30
8
3 5 7 9 11 13 15 17
8 11 13 15 16 19 20 24
7 11 12 13 15 16 17 19
10 14 16 18 19 21 22 27
8 13 15 16 18 19 20 21
4 5 6 8 10 11 12 14
6 9 10 12 13 15 16 18
5 7 8 10 11 13 15 16
10 15 16 17 19 20 21 22
12 17 19 21 22 24 25 27
4 6 8 10 12 15 16 19
2 4 5 6 7 8 10 12
9 12 15 16 17 20 21 25
7 10 11 13 15 18 19 22
2 3 4 5 7 8 9 10
10
3 4 5 6 7 8 9 10 11 12
8 9 10 11 12 13 14 15 16 17
5 6 7 8 9 10 11 12 13 14
2 3 4 5 6 7 8 9 10 11
9 10 11 12 13 14 15 16 17 18
2 3 4 5 6 7 8 9 10 11
7 8 9 10 11 12 13 14 15 16
6 7 8 9 10 11 12 13 14 15
10 11 12 13 14 15 16 17 18 19
10 11 12 13 14 15 16 17 18 19
3 4 5 6 7 8 9 10 11 12
5 6 7 8 9 10 11 12 13 14
7 8 9 10 11 12 13 14 15 16
8 9 10 11 12 13 14 15 16 17
6 7 8 9 10 11 12 13 14 15
4 5 6 7 8 9 10 11 12 13
4 5 6 7 8 9 10 11 12 13
9 10 11 12 13 14 15 16 17 18
1 2 3 4 5 6 7 8 9 10
2
2 5
3 6
5 6
6
10 13 14 19 20 22
3 6 8 11 15 17
1 3 7 9 10 14
14 17 20 21 22 29
3 6 8 10 13 18
7 11 15 18 19 24
14 18 20 24 27 29
10 15 18 19 20 27
6 8 9 12 14 20
9 10 12 18 19 21
1 3 6 7 10 14
10
100 112 145 150 171 182 197 219 239 264
25 27 50 58 71 87 112 131 153 178
58 87 105 144 150 175 182 206 224 230
50 62 82 122 145 151 180 190 197 199
131 152 166 172 219 235 257 283 289 315
119 159 190 206 215 237 260 283 302 319
85 104 122 144 148 160 168 172 193 222
178 196 201 222 264 285 289 319 334 345
87 116 144 160 182 195 203 237 253 268
25 47 61 85 100 105 112 119 137 150
137 161 197 224 225 253 273 289 304 334
112 157 180 182 196 203 212 257 258 289
71 95 124 148 171 181 196 215 225 241
27 50 78 104 112 133 157 159 161 186
47 50 62 87 95 116 135 152 164 196
153 164 170 193 239 256 258 302 304 327
150 186 199 230 241 268 290 315 327 345
61 78 82 105 124 144 164 166 170 201
112 135 164 168 197 211 212 260 273 290
3
2 3 4
1 2 3
3 4 5
2 3 4
1 2 3
4
7 12 14 15
5 8 11 14
1 4 6 7
7 11 14 15
1 4 5 7
6 9 11 14
4 6 8 11
3
11 14 17
5 10 11
11 16 17
10 13 16
5 10 11
7
3 4 5 6 7 8 9
4 5 6 7 8 9 10
1 2 3 4 5 6 7
3 4 5 6 7 8 9
4 5 6 7 8 9 10
5 6 7 8 9 10 11
5 6 7 8 9 10 11
2 3 4 5 6 7 8
2 3 4 5 6 7 8
7 8 9 10 11 12 13
7 8 9 10 11 12 13
6 7 8 9 10 11 12
6 7 8 9 10 11 12
2
3 4
3 4
1 3
2
2 6
2 4
6 8
4
3 7 11 15
4 8 12 16
1 2 3 4
5 6 7 8
9 10 11 12
13 14 15 16
2 6 10 14
7
5 10 14 17 19 20 31
2 7 8 9 10 11 25
4 9 13 16 17 18 29
6 11 15 18 20 21 32
3 8 12 13 14 15 27
1 2 3 4 5 6 23
4 9 13 16 17 18 28
22 25 26 28 30 33 34
1 2 3 4 5 6 22
5 10 14 17 19 20 30
3 8 12 13 14 15 26
2 7 8 9 10 11 24
6 11 15 18 20 21 33
6
9 11 13 15 19 22
4 6 7 10 11 12
7 8 11 14 15 17
10 13 17 19 22 24
1 3 5 8 9 10
9 12 14 17 19 21
1 4 6 7 9 10
5 7 10 11 14 17
10 12 16 17 21 24
8 10 12 14 17 19
6 7 10 12 13 16
3
2 4 8
8 9 13
4 7 10
4 7 9
8 10 13
8
11 13 14 16 18 20 21 22
7 9 10 11 13 16 17 18
5 7 9 10 11 14 15 17
9 10 11 13 14 18 19 20
10 12 14 16 18 20 22 23
2 3 5 7 9 10 11 13
13 17 18 19 20 23 25 26
5 7 9 10 11 14 17 18
2 3 5 7 9 11 12 13
11 13 15 17 20 21 23 25
3 5 7 9 10 12 13 15
13 15 17 18 21 22 25 26
3 5 7 9 10 13 15 17
7 9 10 11 12 16 18 19
9 10 11 12 14 18 20 21
9
1 3 4 5 6 7 9 11 13
8 10 11 13 15 18 21 23 24
4 6 8 11 13 15 17 19 21
3 5 6 8 10 12 14 16 18
10 12 14 16 18 19 23 24 25
7 12 15 16 18 19 22 24 26
6 8 9 12 14 16 19 20 23
13 17 21 23 24 25 28 30 31
5 9 11 12 13 16 17 19 20
11 16 19 20 23 24 27 29 30
9 14 17 19 21 23 25 26 27
12 14 15 17 20 22 25 27 28
1 2 4 6 8 10 12 13 15
6 10 13 14 15 18 20 22 23
4 7 8 9 11 14 15 18 19
13 16 18 19 22 24 26 29 30
2 5 7 9 10 12 14 16 17
7
71 81 100 132 137 157 174
19 44 58 74 84 96 116
74 103 112 132 157 180 193
89 109 133 193 206 217 236
48 66 82 112 135 146 168
44 51 66 81 93 104 109
84 117 135 137 170 184 206
96 142 146 157 173 186 217
75 93 125 157 170 173 195
58 81 82 100 125 129 133
116 154 168 174 195 204 236
84 104 129 180 184 186 204
33 51 81 103 117 142 154
4
43 66 68 80
19 30 43 47
30 34 55 56
45 55 68 106
32 34 66 82
47 82 106 125
51 56 80 125
4
12 16 21 23
2 5 8 12
8 16 21 23
6 12 14 21
2 4 6 8
5 8 12 16
4 8 9 16
7
14 18 24 28 32 34 37
3 5 7 11 14 18 22
4 8 10 14 18 19 25
5 8 12 16 18 22 25
6 12 16 20 24 27 30
7 16 19 23 28 30 31
11 14 20 23 26 30 32
13 25 28 32 37 44 48
8 18 22 26 32 36 40
9 22 24 30 34 40 44
18 19 27 30 36 40 44
22 25 30 31 40 44 48
3 4 6 7 8 9 13
2
2 22
2 22
22 222
8
14 20 24 25 27 31 32 35
20 22 26 27 31 33 38 39
7 9 12 14 19 22 25 29
23 29 30 33 35 37 43 47
18 25 27 33 34 38 39 43
12 16 19 20 25 27 31 33
8 12 18 19 24 26 27 31
10 14 18 19 21 26 29 30
21 25 29 31 32 36 39 43
16 22 26 29 31 33 36 37
4 7 10 12 14 16 18 22
12 14 19 20 25 29 33 36
5 9 14 16 20 22 25 26
16 19 21 25 27 31 34 38
4 5 8 12 16 20 21 23
3
1 2 3
3 4 5
3 4 5
1 2 3
2 3 4
2
4 8
6 8
2 4
7
3 5 6 7 10 11 13
5 6 8 10 12 13 15
10 13 15 16 19 21 23
6 7 9 12 14 15 17
1 3 4 6 8 10 12
12 13 15 17 19 21 23
10 12 13 15 17 18 21
1 3 5 6 8 9 10
8 10 12 13 15 17 19
3 5 7 9 11 12 13
4 7 8 9 12 14 15
8 11 12 14 15 17 19
9 11 14 15 17 18 21
9
9 10 12 14 15 17 19 21 23
11 13 15 16 18 20 22 24 26
10 11 14 16 17 19 20 22 24
6 8 11 12 14 15 17 18 19
10 11 14 15 17 19 20 22 25
2 3 4 6 8 9 10 11 12
8 10 12 13 15 17 19 20 21
3 4 6 8 9 10 11 13 14
3 4 5 7 8 10 11 12 14
5 7 9 11 12 14 15 16 18
6 8 9 11 12 13 16 18 20
12 14 17 18 19 21 24 26 27
4 6 8 9 11 12 14 16 17
11 12 16 18 20 21 22 24 26
2 3 4 5 6 8 10 11 13
4 5 8 9 10 12 14 15 17
13 14 17 20 21 23 25 26 27
10
18 20 22 28 33 36 38 41 44 47
17 19 20 26 31 33 36 38 41 43
2 3 4 7 9 11 14 15 17 18
14 15 17 21 23 25 27 30 33 36
7 10 12 16 19 21 22 23 29 30
15 18 19 23 28 30 32 35 38 39
4 9 11 14 16 17 21 22 26 27
11 14 17 21 24 25 29 30 34 36
8 12 14 16 19 21 22 23 26 28
9 11 13 19 22 23 26 28 31 33
14 17 18 22 25 27 31 32 35 37
5 8 9 10 11 14 17 18 19 20
11 14 16 19 22 24 25 28 31 33
18 21 22 23 28 30 32 35 38 41
2 5 7 8 11 14 17 18 21 22
21 23 26 29 31 34 35 38 41 44
17 18 21 22 26 29 31 32 36 38
22 24 27 30 33 36 37 39 43 47
3 8 10 12 14 15 18 21 23 24
10
23 29 32 36 40 45 50 53 56 60
4 5 8 11 16 21 26 29 32 33
5 9 13 14 17 23 28 34 39 44
29 34 35 37 42 44 53 59 63 67
32 39 42 44 48 49 56 61 64 68
4 5 8 13 17 22 23 26 28 30
8 13 16 17 23 29 32 38 43 45
33 44 48 50 54 57 60 66 68 73
26 28 29 33 41 43 50 54 56 59
28 37 43 44 45 52 56 63 64 68
22 25 29 33 36 42 43 44 49 57
21 23 27 31 38 42 45 50 52 57
13 14 17 26 29 31 33 37 44 50
16 17 26 29 33 36 40 44 45 52
30 42 45 50 52 57 59 67 68 73
11 14 21 26 27 33 36 41 44 50
8 11 16 21 26 27 29 35 42 48
5 9 11 14 18 25 29 33 37 42
17 18 23 27 33 38 41 42 48 54
2
6 8
2 6
4 8
9
10 15 17 19 20 23 24 25 27
8 11 12 14 16 18 19 20 22
6 8 9 12 14 15 17 18 19
2 4 6 7 8 10 11 13 15
7 9 10 12 13 14 17 19 20
9 13 15 17 19 22 23 24 26
3 5 7 9 11 12 13 14 17
10 12 13 15 17 20 22 23 24
4 5 7 8 10 12 13 15 16
2 3 5 6 7 8 9 10 12
6 7 8 9 11 13 15 17 19
13 14 15 18 21 23 24 25 27
15 17 18 19 23 24 26 27 28
5 7 8 10 12 13 14 15 18
7 10 11 13 16 17 19 21 23
11 13 14 17 19 22 23 24 26
8 12 13 14 18 20 22 23 24
5
9 12 15 18 21
3 5 6 9 10
3 4 6 9 11
5 6 7 11 13
6 7 11 15 16
9 11 14 18 20
6 9 11 14 17
10 14 16 20 24
11 13 17 21 24
7
3 4 6 8 10 12 13
6 8 11 13 17 18 19
13 18 20 21 25 28 31
4 6 8 10 13 16 18
7 14 17 20 23 24 25
10 13 15 18 23 26 29
12 16 18 20 24 27 30
4 6 8 11 14 17 18
8 17 18 21 26 27 28
11 18 19 22 29 30 31
5 8 11 13 15 18 20
6 11 13 16 18 20 21
8 10 13 16 20 21 22
4
3 4 5 6
1 2 3 4
2 3 4 5
4 5 6 7
4 5 6 7
2 3 4 5
1 2 3 4
7
5 7 8 10 12 13 14
12 14 17 19 21 23 24
7 9 12 14 16 17 21
3 5 6 7 9 11 12
4 6 8 10 12 15 17
1 3 4 6 7 9 11
7 9 10 12 14 16 18
3 5 7 9 10 13 14
11 13 15 16 17 18 21
1 3 5 7 9 11 12
6 7 10 12 13 16 19
9 11 13 16 17 18 23
9 10 12 13 16 17 19
4
8 10 11 13
1 2 3 7
3 5 6 12
1 2 3 8
3 5 6 11
7 9 12 13
2 4 5 9
5
8 11 15 16 20
8 15 16 17 21
4 7 11 15 16
11 16 20 24 26
10 12 16 17 24
2 4 8 10 11
11 15 20 21 26
4 7 11 12 15
2 4 6 8 11
5
1 2 4 5 7
4 6 7 10 11
1 3 5 7 8
5 7 9 12 14
8 10 11 14 15
3 4 6 7 9
2 4 6 8 10
7 8 10 12 14
7 9 11 14 15
2
2 4
4 8
2 6
7
43 44 45 46 47 48 49
1 2 3 4 5 6 7
22 23 24 25 26 27 28
5 12 19 26 33 40 47
2 9 16 23 30 37 44
29 30 31 32 33 34 35
3 10 17 24 31 38 45
7 14 21 28 35 42 49
8 9 10 11 12 13 14
1 8 15 22 29 36 43
4 11 18 25 32 39 46
15 16 17 18 19 20 21
36 37 38 39 40 41 42
10
9 17 24 30 35 39 42 44 45 62
46 48 51 53 55 56 59 60 62 64
7 15 22 28 33 37 40 41 42 58
4 12 19 25 26 27 28 29 30 52
9 17 24 30 35 39 42 44 45 63
8 16 23 29 34 38 41 43 44 61
47 49 50 52 54 57 58 61 63 64
3 11 18 19 20 21 22 23 24 50
4 12 19 25 26 27 28 29 30 53
5 13 20 26 31 32 33 34 35 54
5 13 20 26 31 32 33 34 35 55
2 10 11 12 13 14 15 16 17 48
8 16 23 29 34 38 41 43 44 60
2 10 11 12 13 14 15 16 17 49
6 14 21 27 32 36 37 38 39 57
1 2 3 4 5 6 7 8 9 47
3 11 18 19 20 21 22 23 24 51
7 15 22 28 33 37 40 41 42 59
6 14 21 27 32 36 37 38 39 56
2
5 8
1 5
3 8
2
22 222
22 222
2 22
3
2 3 4
3 4 5
2 3 4
3 4 5
1 2 3
4
6 10 13 15
8 10 13 16
2 5 8 11
5 8 10 12
2 3 6 9
3 8 10 12
11 12 15 17
4
9 10 11 13
6 10 11 18
3 4 6 9
9 12 13 19
12 15 18 19
6 7 10 12
4 7 10 15
4
3 4 5 8
2 3 4 6
3 4 5 7
1 2 3 4
2 3 4 6
1 2 3 5
5 6 7 9
