50
3
1 2 3
2 3 5
3 5 6
2 3 4
1 2 3
10
9 17 19 22 23 25 28 29 33 34
15 25 27 29 35 37 40 43 46 47
5 8 11 14 17 18 19 22 25 28
19 21 23 30 33 36 38 41 46 47
11 19 22 27 30 33 36 37 38 40
11 15 18 21 23 27 30 32 35 37
10 18 20 24 27 28 31 33 36 37
16 28 29 32 37 39 42 45 47 49
8 12 14 20 22 24 27 28 29 32
15 19 21 26 28 31 36 38 40 42
21 24 26 32 34 37 40 43 47 49
8 14 17 20 21 24 26 27 30 32
5 8 11 12 15 17 19 20 21 24
16 20 22 27 29 33 37 39 43 45
12 17 20 24 25 28 33 36 37 39
12 22 25 28 32 36 38 39 41 43
3 5 6 8 11 12 15 16 19 21
7 11 12 14 18 20 21 22 23 26
3 5 7 8 9 10 11 12 15 16
6
6 8 11 14 16 17
4 8 11 12 14 18
9 10 16 18 21 24
6 9 14 16 19 22
5 6 8 9 10 13
12 15 18 22 24 27
3 6 8 9 11 15
2 3 4 6 9 12
12 13 17 20 24 27
2 5 6 7 10 12
7 9 12 16 18 20
3
4 6 7
2 4 6
6 8 9
2 4 6
6 7 9
4
2 6 10 14
9 10 11 12
4 8 12 16
13 14 15 16
3 7 11 15
1 5 9 13
5 6 7 8
6
8 15 18 22 23 26
9 14 16 22 27 29
12 18 19 23 28 32
3 7 13 14 18 20
13 17 22 27 28 30
16 20 25 26 30 33
5 7 11 15 17 21
8 13 14 18 22 26
1 5 8 9 12 16
1 3 5 8 13 14
5 11 14 16 19 25
3
3 4 5
2 3 4
3 4 5
1 2 3
2 3 4
7
5 6 7 10 12 15 18
5 10 12 14 17 21 22
17 22 24 28 37 41 45
10 19 23 25 28 34 39
12 14 19 23 29 34 37
14 16 21 25 32 37 42
12 24 29 32 37 39 41
10 12 17 19 24 26 27
15 26 34 37 41 42 45
18 27 37 42 45 49 54
21 26 31 34 39 42 49
22 29 36 39 41 45 54
7 17 19 21 24 31 36
9
3 5 10 11 14 16 19 21 22
15 17 19 22 25 28 29 32 34
4 5 6 10 13 16 17 18 21
8 10 14 16 17 20 23 26 28
16 18 20 25 28 29 30 35 37
17 21 22 26 28 29 32 35 37
1 3 5 8 9 12 15 16 17
12 16 18 21 24 25 27 29 30
15 19 21 23 24 27 29 30 35
11 14 16 17 18 24 25 28 31
20 22 25 28 29 30 34 37 39
13 16 19 20 21 25 28 29 33
9 13 16 17 18 21 24 28 29
1 4 7 8 11 13 15 17 20
7 10 13 14 16 18 19 20 23
5 6 13 14 16 19 21 22 25
17 21 23 27 31 33 35 37 39
7
83 85 115 140 158 176 196
8 39 72 83 105 115 122
34 86 103 124 128 158 185
65 114 135 163 170 196 215
4 24 60 73 75 85 113
45 73 83 93 124 149 163
22 24 39 63 86 95 114
45 95 119 149 160 176 203
68 75 105 110 128 160 170
2 22 37 45 68 83 93
2 4 8 16 34 45 65
16 63 75 93 110 140 165
37 60 72 75 103 119 135
10
6 16 26 36 46 56 66 76 86 96
91 92 93 94 95 96 97 98 99 100
11 12 13 14 15 16 17 18 19 20
4 14 24 34 44 54 64 74 84 94
8 18 28 38 48 58 68 78 88 98
21 22 23 24 25 26 27 28 29 30
1 2 3 4 5 6 7 8 9 10
41 42 43 44 45 46 47 48 49 50
10 20 30 40 50 60 70 80 90 100
5 15 25 35 45 55 65 75 85 95
81 82 83 84 85 86 87 88 89 90
3 13 23 33 43 53 63 73 83 93
51 52 53 54 55 56 57 58 59 60
61 62 63 64 65 66 67 68 69 70
1 11 21 31 41 51 61 71 81 91
9 19 29 39 49 59 69 79 89 99
7 17 27 37 47 57 67 77 87 97
71 72 73 74 75 76 77 78 79 80
31 32 33 34 35 36 37 38 39 40
9
16 22 25 30 33 34 39 43 46
10 17 20 23 26 27 28 33 34
10 13 17 20 23 25 27 30 31
14 21 23 27 29 33 37 40 43
9 10 14 17 20 21 23 25 28
13 18 20 24 27 31 33 34 37
12 19 21 25 28 31 34 37 40
16 19 21 27 28 34 37 39 40
4 9 10 13 16 18 19 21 24
17 23 28 31 36 37 40 46 47
3 6 9 10 12 13 16 17 18
6 9 12 14 17 19 21 22 23
9 14 17 20 21 24 27 30 31
7 12 14 17 18 20 21 24 27
17 21 24 30 33 37 40 43 46
18 24 27 31 34 40 43 46 47
3 4 7 9 10 12 14 16 17
9
3 5 6 10 13 15 18 21 23
3 5 7 9 12 13 16 19 21
14 18 21 24 26 28 29 33 36
7 10 12 14 17 21 24 27 28
17 21 23 28 31 33 36 39 42
1 3 5 8 10 12 13 15 17
10 12 16 17 19 22 26 30 33
17 23 24 29 33 35 36 40 42
12 13 19 21 24 26 28 32 35
4 6 10 13 16 19 20 21 23
10 13 14 16 19 24 25 29 31
13 16 20 24 25 28 29 35 36
12 15 17 19 22 26 28 31 33
15 19 21 27 29 31 33 38 40
8 9 13 14 16 19 24 27 29
15 21 22 27 30 32 35 38 39
5 7 10 12 14 17 21 22 24
6
10 16 18 22 26 31
4 8 10 15 16 20
9 10 11 15 16 18
6 8 9 12 15 16
3 6 9 12 14 17
3 4 5 6 9 10
14 16 19 22 23 26
12 15 18 20 21 22
9 15 16 21 23 28
5 9 11 18 19 23
6 12 15 20 22 25
10
97 114 135 141 171 207 222 225 244 261
19 45 68 86 94 114 142 159 175 196
52 73 106 113 124 141 168 177 210 213
178 196 207 213 239 264 290 308 318 348
35 68 93 109 112 135 162 176 185 207
10 26 43 64 86 97 121 146 158 178
128 175 177 196 233 261 275 321 345 348
26 45 68 73 98 120 126 147 156 175
86 120 130 164 183 207 220 236 246 264
64 86 109 113 143 164 165 169 182 196
86 94 112 124 167 183 189 206 222 233
116 156 176 182 222 244 262 303 312 318
76 98 121 143 167 171 174 194 215 239
99 147 154 169 206 225 261 283 295 308
121 142 162 168 174 220 245 261 262 275
146 159 176 177 194 236 261 283 303 321
43 68 93 106 121 130 135 154 176 177
93 126 135 165 189 222 245 261 266 290
10 19 35 52 76 86 93 99 116 128
7
1 8 15 22 29 36 43
36 37 38 39 40 41 42
3 10 17 24 31 38 45
2 9 16 23 30 37 44
43 44 45 46 47 48 49
29 30 31 32 33 34 35
15 16 17 18 19 20 21
7 14 21 28 35 42 49
1 2 3 4 5 6 7
8 9 10 11 12 13 14
22 23 24 25 26 27 28
4 11 18 25 32 39 46
6 13 20 27 34 41 48
10
10 13 14 18 20 21 24 26 27 29
15 17 21 23 25 26 29 31 33 34
2 3 5 7 8 9 10 11 13 15
5 6 8 11 12 13 14 17 19 21
8 9 11 14 15 18 20 21 22 25
14 15 17 19 21 23 26 27 29 31
18 20 22 24 25 27 29 30 32 34
8 11 12 14 15 17 19 21 24 25
9 12 13 16 18 20 22 23 26 27
16 18 20 22 24 26 27 28 30 33
7 8 9 13 14 16 18 19 21 23
12 14 15 17 19 22 24 26 28 29
13 16 19 21 22 24 28 29 30 32
10 11 13 16 17 20 21 23 24 26
3 4 6 9 11 12 13 15 16 17
5 6 8 9 11 13 15 17 20 22
2 3 5 7 8 10 12 14 16 18
7 9 11 13 14 16 17 19 22 24
3 4 6 8 9 11 14 15 18 20
7
2 5 6 7 8 10 11
5 12 14 17 19 21 24
8 16 18 22 23 25 30
8 12 14 19 21 23 27
10 15 18 21 24 25 29
5 7 10 12 13 16 17
2 3 4 5 7 8 10
6 8 11 14 15 18 19
10 17 19 25 27 29 33
4 10 11 13 14 18 21
3 7 8 10 12 15 18
7 13 15 19 21 24 27
11 18 21 24 27 30 33
2
2 4
6 8
4 8
7
1 2 3 4 5 6 7
1 2 3 4 5 6 7
6 7 8 9 10 11 12
7 8 9 10 11 12 13
6 7 8 9 10 11 12
4 5 6 7 8 9 10
5 6 7 8 9 10 11
5 6 7 8 9 10 11
4 5 6 7 8 9 10
3 4 5 6 7 8 9
3 4 5 6 7 8 9
2 3 4 5 6 7 8
7 8 9 10 11 12 13
10
4 8 10 15 18 21 22 25 27 29
18 19 25 33 35 40 44 46 49 51
10 15 18 20 23 27 28 30 32 37
8 14 17 20 23 26 33 35 37 40
17 19 22 27 30 38 42 46 50 52
5 8 10 12 17 19 20 22 23 28
9 16 19 23 27 30 36 40 44 46
16 18 22 29 33 36 39 42 43 45
1 3 5 8 10 14 16 18 22 25
18 21 23 31 32 41 43 49 53 57
3 7 8 10 14 16 18 19 21 24
21 24 28 34 37 44 45 51 55 58
3 7 8 12 15 16 18 19 25 28
1 3 4 5 8 9 13 17 18 21
22 25 27 34 37 44 45 50 53 55
13 18 20 24 28 34 39 44 45 50
5 10 12 18 20 25 29 33 34 36
8 12 15 18 20 23 24 27 31 34
14 16 21 25 26 30 34 38 41 44
4
21 30 41 42
2 21 29 33
29 43 65 79
24 41 65 71
2 21 24 28
33 58 71 91
28 42 79 91
4
2 3 5 6
3 5 6 7
6 7 9 11
5 7 8 9
2 4 5 6
5 6 8 10
6 9 10 11
7
2 4 6 7 9 10 11
4 6 8 9 10 12 13
11 15 18 19 21 22 25
7 9 11 13 15 17 19
10 13 16 17 19 21 23
2 4 6 7 8 9 11
11 13 16 17 21 23 25
4 6 8 10 11 13 15
8 10 13 14 17 19 21
9 11 14 15 17 19 21
6 8 10 12 14 16 18
7 10 12 13 14 16 17
9 12 15 16 19 21 22
7
13 16 19 23 26 31 34
11 14 16 20 25 28 32
21 22 25 31 35 36 41
17 18 20 27 30 35 39
6 9 11 14 16 18 22
17 20 27 28 31 35 36
18 21 31 32 34 39 41
3 6 7 11 15 17 18
10 11 12 19 23 27 31
7 10 12 16 19 20 25
11 15 19 20 23 27 31
3 6 10 11 13 17 21
6 9 10 15 18 20 21
6
1 4 6 7 10 12
3 8 9 15 16 19
4 6 8 12 13 14
10 13 16 22 25 29
12 14 19 23 28 31
2 6 8 11 13 14
4 12 16 20 22 23
9 14 18 24 29 31
6 8 9 16 17 18
5 13 17 23 25 28
7 11 15 20 23 24
2
2 6
2 4
6 8
4
9 12 15 16
7 8 10 15
4 7 8 11
8 11 12 16
3 4 7 8
6 8 10 12
3 4 6 9
9
12 15 16 22 23 28 30 31 34
18 23 25 27 30 34 36 37 39
9 13 18 19 22 23 24 26 31
5 9 10 15 18 21 23 24 25
7 10 11 18 19 22 25 26 27
9 13 15 21 22 25 27 29 30
1 4 5 7 9 12 15 17 20
11 16 21 22 25 28 31 33 35
4 6 9 12 13 16 18 20 23
17 18 21 25 26 33 34 35 37
1 2 5 6 9 11 14 16 18
6 12 15 18 21 22 23 25 28
20 22 25 28 31 35 36 38 39
2 6 9 10 13 15 16 18 22
15 16 18 23 24 31 32 33 36
16 20 24 26 29 31 33 35 38
14 18 23 25 27 30 32 34 36
10
5 6 7 8 9 10 11 12 13 14
10 11 12 13 14 15 16 17 18 19
3 4 5 6 7 8 9 10 11 12
10 11 12 13 14 15 16 17 18 19
2 3 4 5 6 7 8 9 10 11
8 9 10 11 12 13 14 15 16 17
3 4 5 6 7 8 9 10 11 12
4 5 6 7 8 9 10 11 12 13
9 10 11 12 13 14 15 16 17 18
7 8 9 10 11 12 13 14 15 16
8 9 10 11 12 13 14 15 16 17
1 2 3 4 5 6 7 8 9 10
6 7 8 9 10 11 12 13 14 15
1 2 3 4 5 6 7 8 9 10
9 10 11 12 13 14 15 16 17 18
6 7 8 9 10 11 12 13 14 15
7 8 9 10 11 12 13 14 15 16
4 5 6 7 8 9 10 11 12 13
2 3 4 5 6 7 8 9 10 11
7
9 12 15 16 17 21 23
3 5 7 8 9 10 12
2 5 6 9 10 12 14
4 7 8 11 13 15 16
1 3 5 7 8 9 11
5 6 8 10 11 13 14
6 8 10 13 14 16 18
11 14 16 18 20 23 25
8 10 13 17 19 21 23
10 12 14 18 21 23 25
1 2 4 6 7 8 10
8 10 13 14 16 19 21
7 9 11 15 16 17 20
3
3 4 5
11 13 18
5 12 18
4 8 13
3 6 11
4
8 9 11 13
7 10 12 13
1 2 3 8
3 5 6 11
2 4 5 10
3 5 6 12
2 4 5 9
2
2 6
4 8
2 4
4
8 11 12 17
2 6 8 11
6 8 10 14
1 5 6 8
1 2 5 7
5 6 7 10
5 7 10 12
3
2 3 4
1 2 3
1 2 3
3 4 5
3 4 5
10
46 48 51 52 55 56 59 60 62 64
7 15 22 28 33 37 40 41 42 59
1 2 3 4 5 6 7 8 9 47
47 49 50 53 54 57 58 61 63 64
4 12 19 25 26 27 28 29 30 52
8 16 23 29 34 38 41 43 44 61
3 11 18 19 20 21 22 23 24 51
5 13 20 26 31 32 33 34 35 54
2 10 11 12 13 14 15 16 17 49
5 13 20 26 31 32 33 34 35 55
2 10 11 12 13 14 15 16 17 48
9 17 24 30 35 39 42 44 45 62
7 15 22 28 33 37 40 41 42 58
8 16 23 29 34 38 41 43 44 60
6 14 21 27 32 36 37 38 39 56
6 14 21 27 32 36 37 38 39 57
4 12 19 25 26 27 28 29 30 53
9 17 24 30 35 39 42 44 45 63
3 11 18 19 20 21 22 23 24 50
3
2 3 4
1 2 3
2 3 4
3 4 5
1 2 3
4
4 7 12 13
7 12 13 17
6 9 12 14
2 3 4 7
7 10 14 17
3 6 9 12
2 4 6 7
2
2 22
2 22
22 222
4
3 4 5 6
3 4 5 6
4 5 6 7
1 2 3 4
1 2 3 4
2 3 4 5
4 5 6 7
4
8 12 15 18
8 12 15 18
6 9 12 13
6 9 12 13
3 6 8 10
3 6 8 10
10 13 18 20
7
7 8 10 12 14 16 19
3 5 8 9 11 13 15
8 10 11 12 14 16 17
8 9 11 13 16 18 21
2 3 5 7 8 9 10
9 10 12 15 17 19 22
5 7 9 10 12 15 17
2 3 6 7 10 12 14
1 2 4 6 8 9 11
9 12 13 15 16 18 19
1 2 3 5 7 8 9
6 7 9 10 12 13 15
11 14 15 17 19 21 22
10
17 25 27 31 35 36 39 40 41 42
7 10 12 15 18 22 24 26 27 31
16 19 21 22 25 28 32 35 39 40
5 7 10 13 16 19 21 24 25 28
18 21 24 26 29 32 35 37 40 43
5 10 12 13 16 20 21 24 27 30
6 13 15 16 17 21 22 26 29 33
13 17 20 21 22 26 30 34 36 38
9 12 13 16 20 23 25 29 31 34
9 16 18 20 21 22 25 29 30 36
19 28 31 34 36 38 40 43 44 46
3 5 7 9 12 13 16 18 19 20
12 15 16 17 21 25 27 32 35 36
20 27 30 33 36 37 39 41 42 46
14 24 26 29 32 34 35 37 39 41
19 24 27 29 30 34 37 39 41 44
3 4 5 6 9 10 12 14 17 19
10 19 22 23 25 26 28 32 34 37
4 7 10 12 15 17 19 21 24 27
2
2 6
4 8
6 8
7
2 7 8 9 10 11 25
5 10 14 17 19 20 30
5 10 14 17 19 20 31
2 7 8 9 10 11 24
1 2 3 4 5 6 22
3 8 12 13 14 15 26
6 11 15 18 20 21 33
4 9 13 16 17 18 29
3 8 12 13 14 15 27
23 24 26 29 30 33 34
6 11 15 18 20 21 32
22 25 27 28 31 32 34
4 9 13 16 17 18 28
7
16 20 25 29 34 39 40
4 5 8 10 11 13 16
13 26 28 32 36 39 41
8 14 15 18 21 25 29
20 22 29 30 36 41 44
12 16 18 21 27 32 36
10 18 19 21 24 29 30
7 10 14 18 22 26 28
10 12 15 19 23 28 30
13 17 21 24 31 36 38
5 10 12 16 17 20 22
4 7 10 12 13 16 20
16 28 30 36 38 40 44
5
11 15 21 22 24
13 18 20 22 24
8 14 18 20 23
14 21 23 24 29
6 10 14 15 19
5 10 11 18 21
15 19 23 24 29
10 11 18 21 23
4 6 10 13 14
2
22 222
2 22
22 222
2
4 5
3 5
2 4
